0 0 0 START
0 1 1 1
0 2 2 2
0 3 3 3
0 4 4 4
0 5 5 GOOSE
0 6 6 BRIDGE
0 7 7 7
0 8 8 8
1 8 9 GOOSE
2 0 36 GOOSE
2 1 37 37
2 2 38 38
2 3 39 39
2 4 40 40
2 5 41 GOOSE
2 6 42 THE MAZE
2 8 10 10
3 0 35 35
3 6 43 43
3 8 11 11
4 0 34 34
4 2 58 DEATH
4 3 59 GOOSE
4 4 60 60
4 6 44 44
4 8 12 12
5 0 33 33 
5 2 57 57
5 4 61 61
5 6 45 GOOSE
5 8 13 13
6 0 32 GOOSE
6 2 56 56
6 4 62 62
6 6 46 46
6 8 14 GOOSE
7 0 31 THE WELL
7 2 55 55 
7 4 63 FINISH
7 6 47 47
7 8 15 15
8 0 30 30 
8 2 54 GOOSE
8 6 48 48
8 8 16 16
9 0 29 29
9 2 53 4 & 5
9 3 52 THE PRISON
9 4 51 51
9 5 50 GOOSE
9 6 49 49
9 8 17 17
10 0 28 28
10 8 18 GOOSE
11 0 27 GOOSE
11 1 26 3&6
11 2 25 25
11 3 24 24
11 4 23 GOOSE
11 5 22 22
11 6 21 21
11 7 20 20
11 8 19 THE TAVERN

